=================================================================
  VeinCNN6 — Classification Report (DB2 Test Set)
  Filter: ROI  |  Overall Accuracy: 47.94%
=================================================================
              precision    recall  f1-score   support

        P001     0.6250    0.8333    0.7143         6
        P002     1.0000    0.1667    0.2857         6
        P003     0.5000    0.3333    0.4000         6
        P004     1.0000    0.1667    0.2857         6
        P005     0.3750    0.5000    0.4286         6
        P006     0.0000    0.0000    0.0000         6
        P007     0.0000    0.0000    0.0000         6
        P008     0.2500    0.1667    0.2000         6
        P009     0.0000    0.0000    0.0000         6
        P010     1.0000    0.3333    0.5000         6
        P011     1.0000    0.5000    0.6667         6
        P012     0.2400    1.0000    0.3871         6
        P013     0.4444    0.6667    0.5333         6
        P014     0.8000    0.6667    0.7273         6
        P015     0.3750    0.5000    0.4286         6
        P016     1.0000    1.0000    1.0000         6
        P017     0.6000    0.5000    0.5455         6
        P018     0.0000    0.0000    0.0000         6
        P019     1.0000    0.5000    0.6667         6
        P020     0.1667    0.1667    0.1667         6
        P021     0.5000    0.1667    0.2500         6
        P022     0.0000    0.0000    0.0000         6
        P023     0.6667    0.3333    0.4444         6
        P024     0.2500    0.1667    0.2000         6
        P025     0.0000    0.0000    0.0000         6
        P026     0.7500    1.0000    0.8571         6
        P027     0.7500    0.5000    0.6000         6
        P028     0.7500    1.0000    0.8571         6
        P029     0.0000    0.0000    0.0000         6
        P030     0.5455    1.0000    0.7059         6
        P031     0.0000    0.0000    0.0000         6
        P032     1.0000    0.3333    0.5000         6
        P033     0.5000    0.6667    0.5714         6
        P034     0.6000    1.0000    0.7500         6
        P035     0.4000    0.6667    0.5000         6
        P036     1.0000    0.3333    0.5000         6
        P037     0.8571    1.0000    0.9231         6
        P038     1.0000    1.0000    1.0000         6
        P039     0.2727    0.5000    0.3529         6
        P040     0.6667    1.0000    0.8000         6
        P041     0.0000    0.0000    0.0000         6
        P042     1.0000    0.5000    0.6667         6
        P043     0.6250    0.8333    0.7143         6
        P044     0.7500    0.5000    0.6000         6
        P045     1.0000    0.1667    0.2857         6
        P046     1.0000    0.3333    0.5000         6
        P047     0.4000    0.3333    0.3636         6
        P048     0.5000    0.3333    0.4000         6
        P049     0.7500    0.5000    0.6000         6
        P050     0.8571    1.0000    0.9231         6
        P051     0.5000    0.8333    0.6250         6
        P052     0.6667    0.3333    0.4444         6
        P053     0.4286    1.0000    0.6000         6
        P054     0.2000    0.1667    0.1818         6
        P055     1.0000    0.5000    0.6667         6
        P056     0.4286    0.5000    0.4615         6
        P057     0.3333    0.8333    0.4762         6
        P058     0.0000    0.0000    0.0000         6
        P059     0.5455    1.0000    0.7059         6
        P060     0.8000    0.6667    0.7273         6
        P061     0.2857    0.3333    0.3077         6
        P062     0.0000    0.0000    0.0000         6
        P063     0.0000    0.0000    0.0000         6
        P064     0.0000    0.0000    0.0000         6
        P065     0.2500    0.1667    0.2000         6
        P066     0.0000    0.0000    0.0000         6
        P067     0.5556    0.8333    0.6667         6
        P068     0.0000    0.0000    0.0000         6
        P069     1.0000    0.8333    0.9091         6
        P070     0.2727    0.5000    0.3529         6
        P071     0.5000    0.1667    0.2500         6
        P072     0.7500    1.0000    0.8571         6
        P073     0.8000    0.6667    0.7273         6
        P074     1.0000    0.1667    0.2857         6
        P075     0.5000    0.8333    0.6250         6
        P076     0.0476    0.1667    0.0741         6
        P077     0.3333    0.1667    0.2222         6
        P078     0.4615    1.0000    0.6316         6
        P079     0.4286    0.5000    0.4615         6
        P080     0.8000    0.6667    0.7273         6
        P081     0.5455    1.0000    0.7059         6
        P082     0.0000    0.0000    0.0000         6
        P083     1.0000    0.5000    0.6667         6
        P084     1.0000    0.6667    0.8000         6
        P085     0.4000    0.3333    0.3636         6
        P086     0.0000    0.0000    0.0000         6
        P087     0.8333    0.8333    0.8333         6
        P088     0.7500    1.0000    0.8571         6
        P089     0.0000    0.0000    0.0000         6
        P090     0.1667    0.1667    0.1667         6
        P091     0.5000    0.5000    0.5000         6
        P092     0.3529    1.0000    0.5217         6
        P093     0.0000    0.0000    0.0000         6
        P094     0.0000    0.0000    0.0000         6
        P095     0.4286    0.5000    0.4615         6
        P096     1.0000    0.3333    0.5000         6
        P097     0.2000    0.3333    0.2500         6
        P098     0.5556    0.8333    0.6667         6
        P099     0.4286    1.0000    0.6000         6
        P100     0.6000    0.5000    0.5455         6
        P101     0.5000    0.5000    0.5000         6
        P102     0.6000    1.0000    0.7500         6
        P103     0.7500    1.0000    0.8571         6
        P104     0.7500    0.5000    0.6000         6
        P105     0.7500    1.0000    0.8571         6
        P106     0.0000    0.0000    0.0000         6
        P107     0.0000    0.0000    0.0000         6
        P108     0.5000    0.6667    0.5714         6
        P109     0.5000    0.1667    0.2500         6
        P110     0.6250    0.8333    0.7143         6
        P111     0.4286    0.5000    0.4615         6
        P112     0.2727    0.5000    0.3529         6
        P113     0.6000    1.0000    0.7500         6

    accuracy                         0.4794       678
   macro avg     0.4928    0.4794    0.4433       678
weighted avg     0.4928    0.4794    0.4433       678